4 2.0125
5 2.0125
6 2.0125
7 2.0125
8 2.0125
9 2.0125
10 2.0125
11 1.62917
12 1.62917
13 1.62917
14 1.62917
15 1.62917
16 1.62917
17 1.62917
25 1.82083
26 1.82083
27 1.82083
28 1.82083
29 1.82083
30 1.82083
31 1.82083
32 0.575
33 0.575
34 0.575
35 0.575
36 0.575
37 0.575
38 0.575
39 0.8625
40 0.8625
41 0.8625
42 0.8625
43 0.8625
44 0.8625
45 0.8625
46 0.670833
47 0.670833
48 0.670833
49 0.670833
50 0.670833
51 0.670833
52 0.670833
53 0.766667
54 0.766667
55 0.766667
56 0.766667
57 0.766667
58 0.766667
59 0.766667
60 0.8625
61 0.8625
62 0.8625
63 0.8625
64 0.8625
65 0.8625
66 0.8625
67 0.670833
68 0.670833
69 0.670833
70 0.670833
71 0.670833
72 0.670833
73 0.670833
74 0.766667
75 0.766667
76 0.766667
77 0.766667
78 0.766667
79 0.766667
80 0.766667
81 0.958333
82 0.958333
83 0.958333
84 0.958333
85 0.958333
86 0.958333
87 0.958333
88 0.958333
89 0.958333
90 0.958333
91 0.958333
92 0.958333
93 0.958333
94 0.958333
95 1.05417
96 1.05417
97 1.05417
98 1.05417
99 1.05417
100 1.05417
101 1.05417
102 0.670833
103 0.670833
104 0.670833
105 0.670833
106 0.670833
107 0.670833
108 0.670833
109 0.766667
110 0.766667
111 0.766667
112 0.766667
113 0.766667
114 0.766667
115 0.766667
116 0.766667
117 0.766667
118 0.766667
119 0.766667
120 0.766667
121 0.766667
122 0.766667
123 0.958333
124 0.958333
125 0.958333
126 0.958333
127 0.958333
128 0.958333
129 0.958333
130 0.8625
131 0.8625
132 0.8625
133 0.8625
134 0.8625
135 0.8625
136 0.8625
137 1.05417
138 1.05417
139 1.05417
140 1.05417
141 1.05417
142 1.05417
143 1.05417
144 0.575
145 0.575
146 0.575
147 0.575
148 0.575
149 0.575
150 0.575
151 0.766667
152 0.766667
153 0.766667
154 0.766667
155 0.766667
156 0.766667
157 0.766667
158 0.958333
159 0.958333
160 0.958333
161 0.958333
162 0.958333
163 0.958333
164 0.958333
165 0.670833
166 0.670833
167 0.670833
168 0.670833
169 0.670833
170 0.670833
171 0.670833
172 0.670833
173 0.670833
174 0.670833
175 0.670833
176 0.670833
177 0.670833
178 0.670833
179 0.958333
180 0.958333
181 0.958333
182 0.958333
183 0.958333
184 0.958333
185 0.958333
186 0.575
187 0.575
188 0.575
189 0.575
190 0.575
191 0.575
192 0.575
193 1.15
194 1.15
195 1.15
196 1.15
197 1.15
198 1.15
199 1.15
200 0.766667
201 0.766667
202 0.766667
203 0.766667
204 0.766667
205 0.766667
206 0.766667
207 0.958333
208 0.958333
209 0.958333
210 0.958333
211 0.958333
212 0.958333
213 0.958333
214 0.575
215 0.575
216 0.575
217 0.575
218 0.575
219 0.575
220 0.575
221 1.05417
222 1.05417
223 1.05417
224 1.05417
225 1.05417
226 1.05417
227 1.05417
228 0.8625
229 0.8625
230 0.8625
231 0.8625
232 0.8625
233 0.8625
234 0.8625
235 0.766667
236 0.766667
237 0.766667
238 0.766667
239 0.766667
240 0.766667
241 0.766667
242 0.766667
243 0.766667
244 0.766667
245 0.766667
246 0.766667
247 0.766667
248 0.766667
249 0.958333
250 0.958333
251 0.958333
252 0.958333
253 0.958333
254 0.958333
255 0.958333
256 0.575
257 0.575
258 0.575
259 0.575
260 0.575
261 0.575
262 0.575
263 0.8625
264 0.8625
265 0.8625
266 0.8625
267 0.8625
268 0.8625
269 0.8625
270 0.8625
271 0.8625
272 0.8625
273 0.8625
274 0.8625
275 0.8625
276 0.8625
277 0.766667
278 0.766667
279 0.766667
280 0.766667
281 0.766667
282 0.766667
283 0.766667
284 0.670833
285 0.670833
286 0.670833
287 0.670833
288 0.670833
289 0.670833
290 0.670833
291 0.766667
292 0.766667
293 0.766667
294 0.766667
295 0.766667
296 0.766667
297 0.766667
298 0.8625
299 0.8625
300 0.8625
301 0.8625
302 0.8625
303 0.8625
304 0.8625
305 0.766667
306 0.766667
307 0.766667
308 0.766667
309 0.766667
310 0.766667
311 0.766667
312 1.05417
313 1.05417
314 1.05417
315 1.05417
316 1.05417
317 1.05417
318 1.05417
319 0.479167
320 0.479167
321 0.479167
322 0.479167
323 0.479167
324 0.479167
325 0.479167
326 0.766667
327 0.766667
328 0.766667
329 0.766667
330 0.766667
331 0.766667
332 0.766667
333 0.766667
334 0.766667
335 0.766667
336 0.766667
337 0.766667
338 0.766667
339 0.766667
340 0.766667
341 0.766667
342 0.766667
343 0.766667
344 0.766667
345 0.766667
346 0.766667
347 0.575
348 0.575
349 0.575
350 0.575
351 0.575
352 0.575
353 0.575
354 0.575
355 0.575
356 0.575
357 0.575
358 0.575
359 0.575
360 0.575
361 0.958333
362 0.958333
363 0.958333
364 0.958333
365 0.958333
366 0.958333
367 0.958333
368 0.766667
369 0.766667
370 0.766667
371 0.766667
372 0.766667
373 0.766667
374 0.766667
375 0.670833
376 0.670833
377 0.670833
378 0.670833
379 0.670833
380 0.670833
381 0.670833
382 0.958333
383 0.958333
384 0.958333
385 0.958333
386 0.958333
387 0.958333
388 0.958333
389 0.8625
390 0.8625
391 0.8625
392 0.8625
393 0.8625
394 0.8625
395 0.8625
396 0.670833
397 0.670833
398 0.670833
399 0.670833
400 0.670833
401 0.670833
402 0.670833
403 0.670833
404 0.670833
405 0.670833
406 0.670833
407 0.670833
408 0.670833
409 0.670833
410 0.958333
411 0.958333
412 0.958333
413 0.958333
414 0.958333
415 0.958333
416 0.958333
417 0.575
418 0.575
419 0.575
420 0.575
421 0.575
422 0.575
423 0.575
424 0.8625
425 0.8625
426 0.8625
427 0.8625
428 0.8625
429 0.8625
430 0.8625
431 0.575
432 0.575
433 0.575
434 0.575
435 0.575
436 0.575
437 0.575
438 0.575
439 0.575
440 0.575
441 0.575
442 0.575
443 0.575
444 0.575
445 0.766667
446 0.766667
447 0.766667
448 0.766667
449 0.766667
450 0.766667
451 0.766667
452 0.670833
453 0.670833
454 0.670833
455 0.670833
456 0.670833
457 0.670833
458 0.670833
459 0.575
460 0.575
461 0.575
462 0.575
463 0.575
464 0.575
465 0.575
466 0.670833
467 0.670833
468 0.670833
469 0.670833
470 0.670833
471 0.670833
472 0.670833
473 0.670833
474 0.670833
475 0.670833
476 0.670833
477 0.670833
478 0.670833
479 0.670833
480 0.8625
481 0.8625
482 0.8625
483 0.8625
484 0.8625
485 0.8625
486 0.8625
487 0.8625
488 0.8625
489 0.8625
490 0.8625
491 0.8625
492 0.8625
493 0.8625
494 2.3
495 2.3
496 2.3
497 2.3
498 2.3
499 2.3
500 2.3
501 2.3
502 2.3
503 2.3
504 2.3
505 2.3
506 2.3
507 2.3
550 2.0125
551 2.0125
552 2.0125
553 2.0125
554 2.0125
555 2.0125
556 2.0125
557 2.0125
558 2.0125
559 2.0125
560 2.0125
561 2.0125
562 2.0125
563 2.0125
592 0.383333
593 0.383333
594 0.383333
595 0.383333
596 0.383333
597 0.383333
598 0.383333
599 0.383333
600 0.383333
601 0.383333
602 0.383333
603 0.383333
604 0.383333
605 0.383333
606 0.8625
607 0.8625
608 0.8625
609 0.8625
610 0.8625
611 0.8625
612 0.8625
613 0.8625
614 0.8625
615 0.8625
616 0.8625
617 0.8625
618 0.8625
619 0.8625
620 0.670833
621 0.670833
622 0.670833
623 0.670833
624 0.670833
625 0.670833
626 0.670833
627 0.670833
628 0.670833
629 0.670833
630 0.670833
631 0.670833
632 0.670833
633 0.670833
634 0.766667
635 0.766667
636 0.766667
637 0.766667
638 0.766667
639 0.766667
640 0.766667
641 0.766667
642 0.766667
643 0.766667
644 0.766667
645 0.766667
646 0.766667
647 0.766667
648 0.766667
649 0.766667
650 0.766667
651 0.766667
652 0.766667
653 0.766667
654 0.766667
655 0.766667
656 0.766667
657 0.766667
658 0.766667
659 0.766667
660 0.766667
661 0.766667
662 0.766667
663 0.766667
664 0.766667
665 0.766667
666 0.766667
667 0.766667
668 0.766667
669 0.766667
670 0.766667
671 0.766667
672 0.766667
673 0.766667
674 0.766667
675 0.766667
676 0.766667
677 0.766667
678 0.766667
679 0.766667
680 0.766667
681 0.766667
682 0.766667
683 0.766667
684 0.766667
685 0.766667
686 0.766667
687 0.766667
688 0.766667
689 0.766667
690 0.958333
691 0.958333
692 0.958333
693 0.958333
694 0.958333
695 0.958333
696 0.958333
697 0.958333
698 0.958333
699 0.958333
700 0.958333
701 0.958333
702 0.958333
703 0.958333
704 0.8625
705 0.8625
706 0.8625
707 0.8625
708 0.8625
709 0.8625
710 0.8625
711 0.8625
712 0.8625
713 0.8625
714 0.8625
715 0.8625
716 0.8625
717 0.8625
718 1.05417
719 1.05417
720 1.05417
721 1.05417
722 1.05417
723 1.05417
724 1.05417
725 1.05417
726 1.05417
727 1.05417
728 1.05417
729 1.05417
730 1.05417
731 1.05417
732 0.766667
733 0.766667
734 0.766667
735 0.766667
736 0.766667
737 0.766667
738 0.766667
739 0.766667
740 0.766667
741 0.766667
742 0.766667
743 0.766667
744 0.766667
745 0.766667
746 0.766667
747 0.766667
748 0.766667
749 0.766667
750 0.766667
751 0.766667
752 0.766667
753 0.766667
754 0.766667
755 0.766667
756 0.766667
757 0.766667
758 0.766667
759 0.766667
760 0.958333
761 0.958333
762 0.958333
763 0.958333
764 0.958333
765 0.958333
766 0.958333
767 0.958333
768 0.958333
769 0.958333
770 0.958333
771 0.958333
772 0.958333
773 0.958333
774 0.575
775 0.575
776 0.575
777 0.575
778 0.575
779 0.575
780 0.575
781 0.575
782 0.575
783 0.575
784 0.575
785 0.575
786 0.575
787 0.575
788 0.958333
789 0.958333
790 0.958333
791 0.958333
792 0.958333
793 0.958333
794 0.958333
795 0.958333
796 0.958333
797 0.958333
798 0.958333
799 0.958333
800 0.958333
801 0.958333
802 0.958333
803 0.958333
804 0.958333
805 0.958333
806 0.958333
807 0.958333
808 0.958333
809 0.958333
810 0.958333
811 0.958333
812 0.958333
813 0.958333
814 0.958333
815 0.958333
816 0.8625
817 0.8625
818 0.8625
819 0.8625
820 0.8625
821 0.8625
822 0.8625
823 0.8625
824 0.8625
825 0.8625
826 0.8625
827 0.8625
828 0.8625
829 0.8625
830 0.575
831 0.575
832 0.575
833 0.575
834 0.575
835 0.575
836 0.575
837 0.575
838 0.575
839 0.575
840 0.575
841 0.575
842 0.575
843 0.575
844 0.958333
845 0.958333
846 0.958333
847 0.958333
848 0.958333
849 0.958333
850 0.958333
851 0.958333
852 0.958333
853 0.958333
854 0.958333
855 0.958333
856 0.958333
857 0.958333
858 0.766667
859 0.766667
860 0.766667
861 0.766667
862 0.766667
863 0.766667
864 0.766667
865 0.766667
866 0.766667
867 0.766667
868 0.766667
869 0.766667
870 0.766667
871 0.766667
872 0.670833
873 0.670833
874 0.670833
875 0.670833
876 0.670833
877 0.670833
878 0.670833
879 0.670833
880 0.670833
881 0.670833
882 0.670833
883 0.670833
884 0.670833
885 0.670833
886 0.766667
887 0.766667
888 0.766667
889 0.766667
890 0.766667
891 0.766667
892 0.766667
893 0.766667
894 0.766667
895 0.766667
896 0.766667
897 0.766667
898 0.766667
899 0.766667
900 0.766667
901 0.766667
902 0.766667
903 0.766667
904 0.766667
905 0.766667
906 0.766667
907 0.766667
908 0.766667
909 0.766667
910 0.766667
911 0.766667
912 0.766667
913 0.766667
914 0.958333
915 0.958333
916 0.958333
917 0.958333
918 0.958333
919 0.958333
920 0.958333
921 0.958333
922 0.958333
923 0.958333
924 0.958333
925 0.958333
926 0.958333
927 0.958333
928 0.8625
929 0.8625
930 0.8625
931 0.8625
932 0.8625
933 0.8625
934 0.8625
935 0.8625
936 0.8625
937 0.8625
938 0.8625
939 0.8625
940 0.8625
941 0.8625
942 1.05417
943 1.05417
944 1.05417
945 1.05417
946 1.05417
947 1.05417
948 1.05417
949 1.05417
950 1.05417
951 1.05417
952 1.05417
953 1.05417
954 1.05417
955 1.05417
956 0.575
957 0.575
958 0.575
959 0.575
960 0.575
961 0.575
962 0.575
963 0.575
964 0.575
965 0.575
966 0.575
967 0.575
968 0.958333
969 0.958333
970 0.958333
971 0.958333
972 0.958333
973 0.958333
974 0.958333
975 0.766667
976 0.766667
977 0.766667
978 0.766667
979 0.766667
980 0.766667
981 0.766667
982 0.766667
983 0.766667
984 0.766667
985 0.766667
986 0.766667
987 0.766667
988 0.766667
989 0.8625
990 0.8625
991 0.8625
992 0.8625
993 0.8625
994 0.8625
995 0.8625
996 0.8625
997 0.8625
998 0.8625
999 0.8625
1000 0.8625
1001 0.8625
1002 0.8625
1003 0.670833
1004 0.670833
1005 0.670833
1006 0.670833
1007 0.670833
1008 0.670833
1009 0.670833
1010 0.670833
1011 0.670833
1012 0.670833
1013 0.670833
1014 0.670833
1015 0.670833
1016 0.670833
1017 0.8625
1018 0.8625
1019 0.8625
1020 0.8625
1021 0.8625
1022 0.8625
1023 0.8625
1024 0.766667
1025 0.766667
1026 0.766667
1027 0.766667
1028 0.766667
1029 0.766667
1030 0.766667
1031 0.670833
1032 0.670833
1033 0.670833
1034 0.670833
1035 0.670833
1036 0.670833
1037 0.670833
1038 0.958333
1039 0.958333
1040 0.958333
1041 0.958333
1042 0.958333
1043 0.958333
1044 0.958333
1045 0.8625
1046 0.8625
1047 0.8625
1048 0.8625
1049 0.8625
1050 0.8625
1051 0.8625
1052 0.766667
1053 0.766667
1054 0.766667
1055 0.766667
1056 0.766667
1057 0.766667
1058 0.766667
1059 0.958333
1060 0.958333
1061 0.958333
1062 0.958333
1063 0.958333
1064 0.958333
1065 0.958333
1066 0.575
1067 0.575
1068 0.575
1069 0.575
1070 0.575
1071 0.575
1072 0.575
1073 0.766667
1074 0.766667
1075 0.766667
1076 0.766667
1077 0.766667
1078 0.766667
1079 0.766667
1080 0.766667
1081 0.766667
1082 0.766667
1083 0.766667
1084 0.766667
1085 0.766667
1086 0.766667
1087 0.670833
1088 0.670833
1089 0.670833
1090 0.670833
1091 0.670833
1092 0.670833
1093 0.670833
1094 0.766667
1095 0.766667
1096 0.766667
1097 0.766667
1098 0.766667
1099 0.766667
1100 0.766667
1101 0.575
1102 0.575
1103 0.575
1104 0.575
1105 0.575
1106 0.575
1107 0.575
1108 0.766667
1109 0.766667
1110 0.766667
1111 0.766667
1112 0.766667
1113 0.766667
1114 0.766667
1115 0.8625
1116 0.8625
1117 0.8625
1118 0.8625
1119 0.8625
1120 0.8625
1121 0.8625
1122 0.670833
1123 0.670833
1124 0.670833
1125 0.670833
1126 0.670833
1127 0.670833
1128 0.670833
1129 0.958333
1130 0.958333
1131 0.958333
1132 0.958333
1133 0.958333
1134 0.958333
1135 0.958333
1136 0.766667
1137 0.766667
1138 0.766667
1139 0.766667
1140 0.766667
1141 0.766667
1142 0.766667
1143 0.670833
1144 0.670833
1145 0.670833
1146 0.670833
1147 0.670833
1148 0.670833
1149 0.670833
1150 0.670833
1151 0.670833
1152 0.670833
1153 0.670833
1154 0.670833
1155 0.670833
1156 0.670833
1157 1.05417
1158 1.05417
1159 1.05417
1160 1.05417
1161 1.05417
1162 1.05417
1163 1.05417
1164 0.479167
1165 0.479167
1166 0.479167
1167 0.479167
1168 0.479167
1169 0.479167
1170 0.479167
1171 0.8625
1172 0.8625
1173 0.8625
1174 0.8625
1175 0.8625
1176 0.8625
1177 0.8625
1178 0.670833
1179 0.670833
1180 0.670833
1181 0.670833
1182 0.670833
1183 0.670833
1184 0.670833
1185 0.575
1186 0.575
1187 0.575
1188 0.575
1189 0.575
1190 0.575
1191 0.575
1192 0.766667
1193 0.766667
1194 0.766667
1195 0.766667
1196 0.766667
1197 0.766667
1198 0.766667
1199 0.670833
1200 0.670833
1201 0.670833
1202 0.670833
1203 0.670833
1204 0.670833
1205 0.670833
1206 0.575
1207 0.575
1208 0.575
1209 0.575
1210 0.575
1211 0.575
1212 0.575
1213 0.670833
1214 0.670833
1215 0.670833
1216 0.670833
1217 0.670833
1218 0.670833
1219 0.670833
1220 0.670833
1221 0.670833
1222 0.670833
1223 0.670833
1224 0.670833
1225 0.670833
1226 0.670833
1227 0.575
1228 0.575
1229 0.575
1230 0.575
1231 0.575
1232 0.575
1233 0.575
1234 0.575
1235 0.575
1236 0.575
1237 0.575
1238 0.575
1239 0.575
1240 0.575
1241 2.3
1242 2.3
1243 2.3
1244 2.3
1245 2.3
1246 2.3
1247 2.3
1248 2.3
1249 2.3
1250 2.3
1251 2.3
1252 2.3
1253 2.3
1254 2.3
1297 1.53333
1298 1.53333
1299 1.53333
1300 1.53333
1301 1.53333
1302 1.53333
1303 1.53333
1304 1.53333
1305 1.53333
1306 1.53333
1307 1.53333
1308 1.53333
1309 1.53333
1310 1.53333
1339 0.575
1340 0.575
1341 0.575
1342 0.575
1343 0.575
1344 0.575
1345 0.575
1346 0.575
1347 0.575
1348 0.575
1349 0.575
1350 0.575
1351 0.575
1352 0.575
1353 0.8625
1354 0.8625
1355 0.8625
1356 0.8625
1357 0.8625
1358 0.8625
1359 0.8625
1360 0.8625
1361 0.8625
1362 0.8625
1363 0.8625
1364 0.8625
1365 0.8625
1366 0.8625
1367 0.670833
1368 0.670833
1369 0.670833
1370 0.670833
1371 0.670833
1372 0.670833
1373 0.670833
1374 0.670833
1375 0.670833
1376 0.670833
1377 0.670833
1378 0.670833
1379 0.670833
1380 0.670833
1381 0.8625
1382 0.8625
1383 0.8625
1384 0.8625
1385 0.8625
1386 0.8625
1387 0.8625
1388 0.8625
1389 0.8625
1390 0.8625
1391 0.8625
1392 0.8625
1393 0.8625
1394 0.8625
1395 0.670833
1396 0.670833
1397 0.670833
1398 0.670833
1399 0.670833
1400 0.670833
1401 0.670833
1402 0.670833
1403 0.670833
1404 0.670833
1405 0.670833
1406 0.670833
1407 0.670833
1408 0.670833
1409 0.766667
1410 0.766667
1411 0.766667
1412 0.766667
1413 0.766667
1414 0.766667
1415 0.766667
1416 0.766667
1417 0.766667
1418 0.766667
1419 0.766667
1420 0.766667
1421 0.766667
1422 0.766667
1423 0.766667
1424 0.766667
1425 0.766667
1426 0.766667
1427 0.766667
1428 0.766667
1429 0.766667
1430 0.766667
1431 0.766667
1432 0.766667
1433 0.766667
1434 0.766667
1435 0.766667
1436 0.766667
1437 0.958333
1438 0.958333
1439 0.958333
1440 0.958333
1441 0.958333
1442 0.958333
1443 0.958333
1444 0.958333
1445 0.958333
1446 0.958333
1447 0.958333
1448 0.958333
1449 0.958333
1450 0.958333
1451 0.958333
1452 0.958333
1453 0.958333
1454 0.958333
1455 0.958333
1456 0.958333
1457 0.958333
1458 0.958333
1459 0.958333
1460 0.958333
1461 0.958333
1462 0.958333
1463 0.958333
1464 0.958333
1465 0.958333
1466 0.958333
1467 0.958333
1468 0.958333
1469 0.958333
1470 0.958333
1471 0.958333
1472 0.958333
1473 0.958333
1474 0.958333
1475 0.958333
1476 0.958333
1477 0.958333
1478 0.958333
1479 0.8625
1480 0.8625
1481 0.8625
1482 0.8625
1483 0.8625
1484 0.8625
1485 0.8625
1486 0.8625
1487 0.8625
1488 0.8625
1489 0.8625
1490 0.8625
1491 0.8625
1492 0.8625
1493 0.766667
1494 0.766667
1495 0.766667
1496 0.766667
1497 0.766667
1498 0.766667
1499 0.766667
1500 0.766667
1501 0.766667
1502 0.766667
1503 0.766667
1504 0.766667
1505 0.766667
1506 0.766667
1507 0.8625
1508 0.8625
1509 0.8625
1510 0.8625
1511 0.8625
1512 0.8625
1513 0.8625
1514 0.8625
1515 0.8625
1516 0.8625
1517 0.8625
1518 0.8625
1519 0.8625
1520 0.8625
1521 0.670833
1522 0.670833
1523 0.670833
1524 0.670833
1525 0.670833
1526 0.670833
1527 0.670833
1528 0.670833
1529 0.670833
1530 0.670833
1531 0.670833
1532 0.670833
1533 0.670833
1534 0.670833
1535 0.8625
1536 0.8625
1537 0.8625
1538 0.8625
1539 0.8625
1540 0.8625
1541 0.8625
1542 0.8625
1543 0.8625
1544 0.8625
1545 0.8625
1546 0.8625
1547 0.8625
1548 0.8625
1549 0.958333
1550 0.958333
1551 0.958333
1552 0.958333
1553 0.958333
1554 0.958333
1555 0.958333
1556 0.958333
1557 0.958333
1558 0.958333
1559 0.958333
1560 0.958333
1561 0.958333
1562 0.958333
1563 0.8625
1564 0.8625
1565 0.8625
1566 0.8625
1567 0.8625
1568 0.8625
1569 0.8625
1570 0.8625
1571 0.8625
1572 0.8625
1573 0.8625
1574 0.8625
1575 0.8625
1576 0.8625
1577 0.670833
1578 0.670833
1579 0.670833
1580 0.670833
1581 0.670833
1582 0.670833
1583 0.670833
1584 0.670833
1585 0.670833
1586 0.670833
1587 0.670833
1588 0.670833
1589 0.670833
1590 0.670833
1591 0.766667
1592 0.766667
1593 0.766667
1594 0.766667
1595 0.766667
1596 0.766667
1597 0.766667
1598 0.766667
1599 0.766667
1600 0.766667
1601 0.766667
1602 0.766667
1603 0.766667
1604 0.766667
1605 0.8625
1606 0.8625
1607 0.8625
1608 0.8625
1609 0.8625
1610 0.8625
1611 0.8625
1612 0.8625
1613 0.8625
1614 0.8625
1615 0.8625
1616 0.8625
1617 0.8625
1618 0.8625
1619 0.670833
1620 0.670833
1621 0.670833
1622 0.670833
1623 0.670833
1624 0.670833
1625 0.670833
1626 0.670833
1627 0.670833
1628 0.670833
1629 0.670833
1630 0.670833
1631 0.670833
1632 0.670833
1633 0.766667
1634 0.766667
1635 0.766667
1636 0.766667
1637 0.766667
1638 0.766667
1639 0.766667
1640 0.766667
1641 0.766667
1642 0.766667
1643 0.766667
1644 0.766667
1645 0.766667
1646 0.766667
1647 0.766667
1648 0.766667
1649 0.766667
1650 0.766667
1651 0.766667
1652 0.766667
1653 0.766667
1654 0.766667
1655 0.766667
1656 0.766667
1657 0.766667
1658 0.766667
1659 0.766667
1660 0.766667
1661 1.05417
1662 1.05417
1663 1.05417
1664 1.05417
1665 1.05417
1666 1.05417
1667 1.05417
1668 1.05417
1669 1.05417
1670 1.05417
1671 1.05417
1672 1.05417
1673 1.05417
1674 1.05417
1675 0.766667
1676 0.766667
1677 0.766667
1678 0.766667
1679 0.766667
1680 0.766667
1681 0.766667
1682 0.766667
1683 0.766667
1684 0.766667
1685 0.766667
1686 0.766667
1687 0.766667
1688 0.766667
1689 1.05417
1690 1.05417
1691 1.05417
1692 1.05417
1693 1.05417
1694 1.05417
1695 1.05417
1696 1.05417
1697 1.05417
1698 1.05417
1699 1.05417
1700 1.05417
1701 1.05417
1702 1.05417
1703 0.670833
1704 0.670833
1705 0.670833
1706 0.670833
1707 0.670833
1708 0.670833
1709 0.670833
1710 0.670833
1711 0.670833
1712 0.670833
1713 0.670833
1714 0.670833
1715 0.8625
1716 0.8625
1717 0.8625
1718 0.8625
1719 0.8625
1720 0.8625
1721 0.8625
1722 0.958333
1723 0.958333
1724 0.958333
1725 0.958333
1726 0.958333
1727 0.958333
1728 0.958333
1729 0.766667
1730 0.766667
1731 0.766667
1732 0.766667
1733 0.766667
1734 0.766667
1735 0.766667
1736 0.766667
1737 0.766667
1738 0.766667
1739 0.766667
1740 0.766667
1741 0.766667
1742 0.766667
1743 0.766667
1744 0.766667
1745 0.766667
1746 0.766667
1747 0.766667
1748 0.766667
1749 0.766667
1750 0.766667
1751 0.766667
1752 0.766667
1753 0.766667
1754 0.766667
1755 0.766667
1756 0.766667
1757 0.766667
1758 0.766667
1759 0.766667
1760 0.766667
1761 0.766667
1762 0.766667
1763 0.766667
1764 0.766667
1765 0.766667
1766 0.766667
1767 0.766667
1768 0.766667
1769 0.766667
1770 0.766667
1771 0.766667
1772 0.766667
1773 0.766667
1774 0.766667
1775 0.766667
1776 0.766667
1777 0.766667
1778 0.766667
1779 0.766667
1780 0.766667
1781 0.766667
1782 0.766667
1783 0.766667
1784 0.766667
1785 0.8625
1786 0.8625
1787 0.8625
1788 0.8625
1789 0.8625
1790 0.8625
1791 0.8625
1792 0.8625
1793 0.8625
1794 0.8625
1795 0.8625
1796 0.8625
1797 0.8625
1798 0.8625
1799 0.766667
1800 0.766667
1801 0.766667
1802 0.766667
1803 0.766667
1804 0.766667
1805 0.766667
1806 0.766667
1807 0.766667
1808 0.766667
1809 0.766667
1810 0.766667
1811 0.766667
1812 0.766667
1813 0.670833
1814 0.670833
1815 0.670833
1816 0.670833
1817 0.670833
1818 0.670833
1819 0.670833
1820 0.766667
1821 0.766667
1822 0.766667
1823 0.766667
1824 0.766667
1825 0.766667
1826 0.766667
1827 0.8625
1828 0.8625
1829 0.8625
1830 0.8625
1831 0.8625
1832 0.8625
1833 0.8625
1834 0.575
1835 0.575
1836 0.575
1837 0.575
1838 0.575
1839 0.575
1840 0.575
1841 0.958333
1842 0.958333
1843 0.958333
1844 0.958333
1845 0.958333
1846 0.958333
1847 0.958333
1848 0.575
1849 0.575
1850 0.575
1851 0.575
1852 0.575
1853 0.575
1854 0.575
1855 0.575
1856 0.575
1857 0.575
1858 0.575
1859 0.575
1860 0.575
1861 0.575
1862 0.958333
1863 0.958333
1864 0.958333
1865 0.958333
1866 0.958333
1867 0.958333
1868 0.958333
1869 0.766667
1870 0.766667
1871 0.766667
1872 0.766667
1873 0.766667
1874 0.766667
1875 0.766667
1876 0.8625
1877 0.8625
1878 0.8625
1879 0.8625
1880 0.8625
1881 0.8625
1882 0.8625
1883 0.670833
1884 0.670833
1885 0.670833
1886 0.670833
1887 0.670833
1888 0.670833
1889 0.670833
1890 0.8625
1891 0.8625
1892 0.8625
1893 0.8625
1894 0.8625
1895 0.8625
1896 0.8625
1897 0.670833
1898 0.670833
1899 0.670833
1900 0.670833
1901 0.670833
1902 0.670833
1903 0.670833
1904 0.8625
1905 0.8625
1906 0.8625
1907 0.8625
1908 0.8625
1909 0.8625
1910 0.8625
1911 0.670833
1912 0.670833
1913 0.670833
1914 0.670833
1915 0.670833
1916 0.670833
1917 0.670833
1918 0.8625
1919 0.8625
1920 0.8625
1921 0.8625
1922 0.8625
1923 0.8625
1924 0.8625
1925 0.670833
1926 0.670833
1927 0.670833
1928 0.670833
1929 0.670833
1930 0.670833
1931 0.670833
1932 0.479167
1933 0.479167
1934 0.479167
1935 0.479167
1936 0.479167
1937 0.479167
1938 0.479167
1939 0.766667
1940 0.766667
1941 0.766667
1942 0.766667
1943 0.766667
1944 0.766667
1945 0.766667
1946 0.670833
1947 0.670833
1948 0.670833
1949 0.670833
1950 0.670833
1951 0.670833
1952 0.670833
1953 0.575
1954 0.575
1955 0.575
1956 0.575
1957 0.575
1958 0.575
1959 0.575
1960 0.575
1961 0.575
1962 0.575
1963 0.575
1964 0.575
1965 0.575
1966 0.575
1967 0.575
1968 0.575
1969 0.575
1970 0.575
1971 0.575
1972 0.575
1973 0.575
1974 0.575
1975 0.575
1976 0.575
1977 0.575
1978 0.575
1979 0.575
1980 0.575
1981 0.575
1982 0.575
1983 0.575
1984 0.575
1985 0.575
1986 0.575
1987 2.10833
1988 2.10833
1989 2.10833
1990 2.10833
1991 2.10833
1992 2.10833
1993 2.10833
1994 2.10833
1995 2.10833
1996 2.10833
1997 2.10833
1998 2.10833
1999 2.10833
2000 2.10833
2085 1.15
2086 1.15
2087 1.15
2088 1.15
2089 1.15
2090 1.15
2091 1.15
2092 1.15
2093 1.15
2094 1.15
2095 1.15
2096 1.15
2097 1.15
2098 1.15
2099 0.766667
2100 0.766667
2101 0.766667
2102 0.766667
2103 0.766667
2104 0.766667
2105 0.766667
2106 0.766667
2107 0.766667
2108 0.766667
2109 0.766667
2110 0.766667
2111 0.766667
2112 0.766667
2113 0.575
2114 0.575
2115 0.575
2116 0.575
2117 0.575
2118 0.575
2119 0.575
2120 0.575
2121 0.575
2122 0.575
2123 0.575
2124 0.575
2125 0.575
2126 0.575
2127 0.766667
2128 0.766667
2129 0.766667
2130 0.766667
2131 0.766667
2132 0.766667
2133 0.766667
2134 0.766667
2135 0.766667
2136 0.766667
2137 0.766667
2138 0.766667
2139 0.766667
2140 0.766667
2141 0.670833
2142 0.670833
2143 0.670833
2144 0.670833
2145 0.670833
2146 0.670833
2147 0.670833
2148 0.670833
2149 0.670833
2150 0.670833
2151 0.670833
2152 0.670833
2153 0.670833
2154 0.670833
2155 0.8625
2156 0.8625
2157 0.8625
2158 0.8625
2159 0.8625
2160 0.8625
2161 0.8625
2162 0.8625
2163 0.8625
2164 0.8625
2165 0.8625
2166 0.8625
2167 0.8625
2168 0.8625
2169 0.670833
2170 0.670833
2171 0.670833
2172 0.670833
2173 0.670833
2174 0.670833
2175 0.670833
2176 0.670833
2177 0.670833
2178 0.670833
2179 0.670833
2180 0.670833
2181 0.670833
2182 0.670833
2183 1.05417
2184 1.05417
2185 1.05417
2186 1.05417
2187 1.05417
2188 1.05417
2189 1.05417
2190 1.05417
2191 1.05417
2192 1.05417
2193 1.05417
2194 1.05417
2195 1.05417
2196 1.05417
2197 0.8625
2198 0.8625
2199 0.8625
2200 0.8625
2201 0.8625
2202 0.8625
2203 0.8625
2204 0.8625
2205 0.8625
2206 0.8625
2207 0.8625
2208 0.8625
2209 0.8625
2210 0.8625
2211 0.8625
2212 0.8625
2213 0.8625
2214 0.8625
2215 0.8625
2216 0.8625
2217 0.8625
2218 0.8625
2219 0.8625
2220 0.8625
2221 0.8625
2222 0.8625
2223 0.8625
2224 0.8625
2225 0.958333
2226 0.958333
2227 0.958333
2228 0.958333
2229 0.958333
2230 0.958333
2231 0.958333
2232 0.958333
2233 0.958333
2234 0.958333
2235 0.958333
2236 0.958333
2237 0.958333
2238 0.958333
2239 0.766667
2240 0.766667
2241 0.766667
2242 0.766667
2243 0.766667
2244 0.766667
2245 0.766667
2246 0.766667
2247 0.766667
2248 0.766667
2249 0.766667
2250 0.766667
2251 0.766667
2252 0.766667
2253 0.8625
2254 0.8625
2255 0.8625
2256 0.8625
2257 0.8625
2258 0.8625
2259 0.8625
2260 0.8625
2261 0.8625
2262 0.8625
2263 0.8625
2264 0.8625
2265 0.8625
2266 0.8625
2267 0.670833
2268 0.670833
2269 0.670833
2270 0.670833
2271 0.670833
2272 0.670833
2273 0.670833
2274 0.670833
2275 0.670833
2276 0.670833
2277 0.670833
2278 0.670833
2279 0.670833
2280 0.670833
2281 0.958333
2282 0.958333
2283 0.958333
2284 0.958333
2285 0.958333
2286 0.958333
2287 0.958333
2288 0.958333
2289 0.958333
2290 0.958333
2291 0.958333
2292 0.958333
2293 0.958333
2294 0.958333
2295 0.958333
2296 0.958333
2297 0.958333
2298 0.958333
2299 0.958333
2300 0.958333
2301 0.958333
2302 0.958333
2303 0.958333
2304 0.958333
2305 0.958333
2306 0.958333
2307 0.958333
2308 0.958333
2309 0.8625
2310 0.8625
2311 0.8625
2312 0.8625
2313 0.8625
2314 0.8625
2315 0.8625
2316 0.8625
2317 0.8625
2318 0.8625
2319 0.8625
2320 0.8625
2321 0.8625
2322 0.8625
2323 0.670833
2324 0.670833
2325 0.670833
2326 0.670833
2327 0.670833
2328 0.670833
2329 0.670833
2330 0.670833
2331 0.670833
2332 0.670833
2333 0.670833
2334 0.670833
2335 0.670833
2336 0.670833
2337 0.670833
2338 0.670833
2339 0.670833
2340 0.670833
2341 0.670833
2342 0.670833
2343 0.670833
2344 0.670833
2345 0.670833
2346 0.670833
2347 0.670833
2348 0.670833
2349 0.670833
2350 0.670833
2351 0.8625
2352 0.8625
2353 0.8625
2354 0.8625
2355 0.8625
2356 0.8625
2357 0.8625
2358 0.8625
2359 0.8625
2360 0.8625
2361 0.8625
2362 0.8625
2363 0.8625
2364 0.8625
2365 0.8625
2366 0.8625
2367 0.8625
2368 0.8625
2369 0.8625
2370 0.8625
2371 0.8625
2372 0.8625
2373 0.8625
2374 0.8625
2375 0.8625
2376 0.8625
2377 0.8625
2378 0.8625
2379 0.766667
2380 0.766667
2381 0.766667
2382 0.766667
2383 0.766667
2384 0.766667
2385 0.766667
2386 0.766667
2387 0.766667
2388 0.766667
2389 0.766667
2390 0.766667
2391 0.766667
2392 0.766667
2393 0.766667
2394 0.766667
2395 0.766667
2396 0.766667
2397 0.766667
2398 0.766667
2399 0.766667
2400 0.766667
2401 0.766667
2402 0.766667
2403 0.766667
2404 0.766667
2405 0.766667
2406 0.766667
2407 0.8625
2408 0.8625
2409 0.8625
2410 0.8625
2411 0.8625
2412 0.8625
2413 0.8625
2414 0.8625
2415 0.8625
2416 0.8625
2417 0.8625
2418 0.8625
2419 0.8625
2420 0.8625
2421 0.958333
2422 0.958333
2423 0.958333
2424 0.958333
2425 0.958333
2426 0.958333
2427 0.958333
2428 0.958333
2429 0.958333
2430 0.958333
2431 0.958333
2432 0.958333
2433 0.958333
2434 0.958333
2435 0.8625
2436 0.8625
2437 0.8625
2438 0.8625
2439 0.8625
2440 0.8625
2441 0.8625
2442 0.8625
2443 0.8625
2444 0.8625
2445 0.8625
2446 0.8625
2447 0.8625
2448 0.8625
2449 0.766667
2450 0.766667
2451 0.766667
2452 0.766667
2453 0.766667
2454 0.766667
2455 0.766667
2456 0.766667
2457 0.766667
2458 0.766667
2459 0.766667
2460 0.766667
2461 0.766667
2462 0.8625
2463 0.8625
2464 0.8625
2465 0.8625
2466 0.8625
2467 0.8625
2468 0.8625
2469 0.958333
2470 0.958333
2471 0.958333
2472 0.958333
2473 0.958333
2474 0.958333
2475 0.958333
2476 0.766667
2477 0.766667
2478 0.766667
2479 0.766667
2480 0.766667
2481 0.766667
2482 0.766667
2483 0.766667
2484 0.766667
2485 0.766667
2486 0.766667
2487 0.766667
2488 0.766667
2489 0.766667
2490 0.766667
2491 0.766667
2492 0.766667
2493 0.766667
2494 0.766667
2495 0.766667
2496 0.766667
2497 0.8625
2498 0.8625
2499 0.8625
2500 0.8625
2501 0.8625
2502 0.8625
2503 0.8625
2504 0.670833
2505 0.670833
2506 0.670833
2507 0.670833
2508 0.670833
2509 0.670833
2510 0.670833
2511 0.8625
2512 0.8625
2513 0.8625
2514 0.8625
2515 0.8625
2516 0.8625
2517 0.8625
2518 0.766667
2519 0.766667
2520 0.766667
2521 0.766667
2522 0.766667
2523 0.766667
2524 0.766667
2525 0.766667
2526 0.766667
2527 0.766667
2528 0.766667
2529 0.766667
2530 0.766667
2531 0.766667
2532 0.766667
2533 0.766667
2534 0.766667
2535 0.766667
2536 0.766667
2537 0.766667
2538 0.766667
2539 0.8625
2540 0.8625
2541 0.8625
2542 0.8625
2543 0.8625
2544 0.8625
2545 0.8625
2546 0.766667
2547 0.766667
2548 0.766667
2549 0.766667
2550 0.766667
2551 0.766667
2552 0.766667
2553 0.766667
2554 0.766667
2555 0.766667
2556 0.766667
2557 0.766667
2558 0.766667
2559 0.766667
2560 0.958333
2561 0.958333
2562 0.958333
2563 0.958333
2564 0.958333
2565 0.958333
2566 0.958333
2567 0.575
2568 0.575
2569 0.575
2570 0.575
2571 0.575
2572 0.575
2573 0.575
2574 0.766667
2575 0.766667
2576 0.766667
2577 0.766667
2578 0.766667
2579 0.766667
2580 0.766667
2581 0.766667
2582 0.766667
2583 0.766667
2584 0.766667
2585 0.766667
2586 0.766667
2587 0.766667
2588 0.670833
2589 0.670833
2590 0.670833
2591 0.670833
2592 0.670833
2593 0.670833
2594 0.670833
2595 0.766667
2596 0.766667
2597 0.766667
2598 0.766667
2599 0.766667
2600 0.766667
2601 0.766667
2602 0.479167
2603 0.479167
2604 0.479167
2605 0.479167
2606 0.479167
2607 0.479167
2608 0.479167
2609 0.958333
2610 0.958333
2611 0.958333
2612 0.958333
2613 0.958333
2614 0.958333
2615 0.958333
2616 0.8625
2617 0.8625
2618 0.8625
2619 0.8625
2620 0.8625
2621 0.8625
2622 0.8625
2623 0.670833
2624 0.670833
2625 0.670833
2626 0.670833
2627 0.670833
2628 0.670833
2629 0.670833
2630 0.766667
2631 0.766667
2632 0.766667
2633 0.766667
2634 0.766667
2635 0.766667
2636 0.766667
2637 1.05417
2638 1.05417
2639 1.05417
2640 1.05417
2641 1.05417
2642 1.05417
2643 1.05417
2644 0.670833
2645 0.670833
2646 0.670833
2647 0.670833
2648 0.670833
2649 0.670833
2650 0.670833
2651 0.766667
2652 0.766667
2653 0.766667
2654 0.766667
2655 0.766667
2656 0.766667
2657 0.766667
2658 0.766667
2659 0.766667
2660 0.766667
2661 0.766667
2662 0.766667
2663 0.766667
2664 0.766667
2665 0.575
2666 0.575
2667 0.575
2668 0.575
2669 0.575
2670 0.575
2671 0.575
2672 0.958333
2673 0.958333
2674 0.958333
2675 0.958333
2676 0.958333
2677 0.958333
2678 0.958333
2679 0.479167
2680 0.479167
2681 0.479167
2682 0.479167
2683 0.479167
2684 0.479167
2685 0.479167
2686 0.670833
2687 0.670833
2688 0.670833
2689 0.670833
2690 0.670833
2691 0.670833
2692 0.670833
2693 0.670833
2694 0.670833
2695 0.670833
2696 0.670833
2697 0.670833
2698 0.670833
2699 0.670833
2700 0.766667
2701 0.766667
2702 0.766667
2703 0.766667
2704 0.766667
2705 0.766667
2706 0.766667
2707 0.479167
2708 0.479167
2709 0.479167
2710 0.479167
2711 0.479167
